0,72,22
1,72,25
2,72,28
3,72,32
4,72,34
5,72,37
6,72,37
7,72,35
8,72,24
9,72,18
10,72,18
11,72,21
12,72,23
13,72,26
14,72,30
15,72,45
16,72,33
17,72,28
18,72,21
19,72,15
20,72,18
21,72,21
22,72,25
23,72,27
24,72,29
25,72,27
26,72,23
27,72,15
28,72,17
29,72,20
30,72,25
31,72,27
32,72,26
33,72,16
34,72,14
35,72,17
36,72,26
37,72,22
38,72,20
39,72,22
40,72,15
41,72,19
42,72,18
43,72,17
44,72,68
45,72,25
46,72,15
47,72,16
48,72,14
49,72,17
50,72,13
51,72,13
52,72,13
53,72,11
54,72,11
55,72,10
56,72,10
57,72,9
58,72,8
59,72,9
60,72,8
61,72,8
62,72,9
63,72,17
64,72,12
65,72,12
66,72,16
67,72,19
68,72,44
69,72,49
70,72,32
71,72,47
72,72,32
73,72,19
74,72,34
75,72,9
76,72,10
77,72,9
78,72,6
79,72,3
80,72,5
81,72,5
82,72,6
83,72,6
84,72,7
85,72,7
86,72,8
87,72,8
88,72,8
89,72,9
90,72,9
91,72,9
92,72,10
93,72,10
94,72,10
95,72,10
96,72,11
97,72,11
98,72,11
99,72,11
